# Created by Octave 3.4.3, Wed Apr 25 09:20:31 2012 CDT <jbraw@kraft-singles>
# name: result
# type: matrix
# rows: 108
# columns: 8
 -1.15 -0.8910065241883681 0.4539904997395462 19.74025586419262 1.27137227321816 -1.668939960354237 1.288574211324445 101
 -1.128282828282828 -0.9198837364201586 0.3921911669960047 20.96928428166252 1.299898326816304 -1.692886777122271 1.312872186726126 101
 -1.106565656565657 -0.9444806827915847 0.3285669487844783 21.97201234429286 1.32343599545878 -1.711305842208754 1.332350529541559 101
 -1.084848484848485 -0.9646829124588558 0.2634138918316563 22.67672369009073 1.341650324356671 -1.723589267098777 1.346621855200962 101
 -1.063131313131313 -0.9803964234187571 0.1970351566287327 23.02180595397078 1.354240075232655 -1.729172676931283 1.355329025117385 101
 -1.041414141414141 -0.9915480999047572 0.1297396068102013 22.96228105590297 1.360932844838291 -1.72752487872666 1.358140133793126 101
 -1.01969696969697 -0.9980860525983922 0.06184037199564223 22.47525301909072 1.361477913739139 -1.718132484826468 1.354740623685722 101
 -0.997979797979798 -0.9999798600729065 -0.006346609218341711 21.56348874094392 1.355635732495221 -1.700477560651865 1.34482168822955 101
 -0.9762626262626262 -0.9972207103457001 -0.07450405933650343 20.2565294934308 1.343161980635784 -1.674004297093362 1.328063026803278 101
 -0.9661928568885435 -0.9943652012250911 -0.1060087099845298 19.53080173401021 1.335053295730142 -1.658562119560421 1.31787402505537 101
 -0.9545454545454545 -0.9898214418809327 -0.1423148382732856 1.677598495482303 0.4709419275728584 0.3029070116921804 0.2159725026158938 101
 -0.9328282828282828 -0.9778164838514958 -0.2094634190217887 1.601976372668702 0.5733851404347318 0.2625291225982162 0.1419022208185477 101
 -0.911111111111111 -0.9612616959383187 -0.2756373558169997 1.582171235146914 0.6418770518299095 0.2159754567729669 0.1034091873354422 101
 -0.8893939393939394 -0.9402341084124293 -0.3405287379618411 1.583191317846272 0.6947304490419018 0.1681442338324687 0.07735942553805877 101
 -0.8676767676767676 -0.9148315637091801 -0.4038356225513253 1.596760850443752 0.7379629144055985 0.1210866548645652 0.05578199443901637 101
 -0.8459595959595959 -0.8851722611624164 -0.4652634394282608 1.620408803807568 0.7746170060710436 0.07515285899474997 0.03540239609662289 101
 -0.8242424242424242 -0.8513942070169569 -0.5245263618331945 1.65373703971783 0.8064558744687955 0.03022034220524869 0.01471799034291269 101
 -0.8084066355027888 -0.8242566019443532 -0.5662164375494126 1.684433758102037 0.827295813731047 -0.002024896525243175 -0.001014315261450555 101
 -0.8025252525252524 -0.8136545722785099 -0.5813486363708743 1.697292573779817 0.8346024255711726 -0.01390540643141502 -0.007042446861247694 101
 -0.7808080808080808 -0.7721289613889835 -0.6354658661048362 1.752133789373094 0.8598317327136025 -0.05738744078599691 -0.03031533053862205 101
 -0.759090909090909 -0.7270105951300735 -0.6866262408098138 1.819636722614193 0.8827181062155289 -0.100340999697534 -0.05536651138792147 101
 -0.7373737373737373 -0.6785094115571321 -0.7345917086575334 1.901402309259227 0.9037150775952772 -0.1428416297312947 -0.08236403630685046 101
 -0.7156565656565657 -0.6268510891467046 -0.7791390838839944 1.999215372762445 0.9232022268264392 -0.1849399131313998 -0.1114112245483347 101
 -0.6939393939393939 -0.5722759967030895 -0.8200610852841912 2.115037316481891 0.9415147507055226 -0.2266776777342293 -0.1425610762682037 101
 -0.6722222222222222 -0.5150380749100538 -0.8571673007021126 2.251027317690463 0.9589636270305444 -0.2681037403916849 -0.1758218117288057 101
 -0.6505050505050505 -0.4554036547319028 -0.8902850730281991 2.409593240395683 0.9758502757454589 -0.3092877590666597 -0.2111588619468964 101
 -0.6287878787878788 -0.3936502181619413 -0.9192603035816655 2.59347745903045 0.9924774562051009 -0.3503305110805174 -0.248496726962642 101
 -0.6070707070707071 -0.3300651070846332 -0.9439581691395068 2.805885683012789 1.009156883534387 -0.3913688507247912 -0.2877229257249623 101
 -0.5853535353535353 -0.2649441862591823 -0.9642637492758191 3.050668979535172 1.026213365461253 -0.432574088040257 -0.3286950911618139 101
 -0.5636363636363636 -0.1985904666457452 -0.9800825610923934 3.332570556858314 1.043985024895931 -0.4741432420894696 -0.3712513161607164 101
 -0.5419191919191919 -0.1313126954800051 -0.9913409988524511 3.657549076381733 1.062819296960593 -0.5162842317935424 -0.4152223696870457 101
 -0.5202020202020202 -0.06342391965656444 -0.9979866764718844 4.033188702896162 1.083064648211008 -0.5591970947219078 -0.4604436338325352 101
 -0.4984848484848484 0.004759970894192884 -0.9999886712743732 4.469201394711651 1.105058243819854 -0.6030542404606334 -0.5067639742534138 101
 -0.4767676767676767 0.07292171305803075 -0.9973376678761723 4.978016527063939 1.129109954214301 -0.6479825950657095 -0.554049072206622 101
 -0.455050505050505 0.1407441467782863 -0.9900460015310664 5.445828701361809 -0.5988477502080165 1.155967238406218 -0.6978636349764873 101
 -0.4333333333333333 0.2079116908177592 -0.9781476007338057 5.860394012434067 -0.649572449252976 1.184592444292113 -0.7429316858568957 101
 -0.4116161616161617 0.2741118111742775 -0.961697829349093 6.343775966051178 -0.7012611709492708 1.215766265422225 -0.7886169056472319 101
 -0.3898989898989899 0.3390364753173208 -0.9407732290007023 6.907593287130894 -0.7537380969614814 1.249487205247088 -0.8347855836029269 101
 -0.3681818181818182 0.402383585479068 -0.915471162919406 7.564052255319187 -0.8067459735978085 1.285632909359674 -0.8812705212409333 101
 -0.3464646464646465 0.4638583843306927 -0.8859093629069056 8.325192666411921 -0.8599512988379779 1.323946115194997 -0.9278532006877117 101
 -0.3247474747474748 0.5231748265032214 -0.8522253815237635 9.201713705966073 -0.9129528170153252 1.364029893038937 -0.9742519025268332 101
 -0.303030303030303 0.5800569095711984 -0.8145759520503356 10.2013344188541 -0.9652930722040849 1.405354300699063 -1.020118138066176 101
 -0.2813131313131313 0.6342399583060232 -0.7731362591988388 11.32671569587869 -1.016472981534317 1.447273914031298 -1.065040890803004 101
 -0.2595959595959596 0.6854718562232667 -0.7280991239699641 12.57309324956284 -1.065967993740182 1.48905416997763 -1.108558032460715 101
 -0.2378787878787879 0.733514218693508 -0.6796741064469446 13.92588680075581 -1.113244325708749 1.529902150666965 -1.150172043651724 101
 -0.2161616161616162 0.7781435021581525 -0.6280865307018176 15.35867476345631 -1.157774080159177 1.568997674550623 -1.189367096549598 101
 -0.1944444444444444 0.8191520442889918 -0.573576436351046 16.83198387638607 -1.199047484918427 1.605521102525062 -1.225625661895627 101
 -0.1727272727272727 0.856349030251589 -0.5163974616389618 18.29332908838492 -1.236582321072727 1.638675507163542 -1.258442216342404 101
 -0.151010101010101 0.8895613805764192 -0.4568156632461008 19.67883280123847 -1.269930105200816 1.667702334108077 -1.28733360948368 101
 -0.1292929292929292 0.9186345565064535 -0.3951082783139217 20.91655996699313 -1.298679419275467 1.6918906525821 -1.311845789813086 101
 -0.1075757575757577 0.9434332790738623 -0.3315624344462741 21.93145496738989 -1.3224568071932 1.710580668771007 -1.33155714065167 101
 -0.08585858585858586 0.963842158559942 -0.266473813690035 22.65149759105585 -1.340925657901212 1.723162291352951 -1.346078792011682 101
 -0.06414141414141428 0.9797662314093495 -0.2001452767114952 23.01445570057314 -1.3537832604036 1.729069315905111 -1.35505228691086 101
 -0.04242424242424248 0.9911314021003612 -0.1328854535702542 22.97444519717709 -1.360755999003532 1.727769303155921 -1.35814470625275 101
 -0.02070707070707067 0.9978847879151073 -0.06500730764784383 22.50744646575714 -1.361592353099433 1.71874846635717 -1.355040901172845 101
 0.001010101010100906 0.9999949650055511 0.003173320586822061 21.61498755100715 -1.356052577525299 1.701489719793266 -1.345432107273518 101
