# Created by Octave 3.4.3, Wed Apr 25 09:20:33 2012 CDT <jbraw@kraft-singles>
# name: table
# type: matrix
# rows: 120
# columns: 3
 -1.102464191915258 0.948635790514754 -1.714075251890461
 -1.054968487983188 0.9851263419508245 -1.729429252457392
 -1.007651981579474 0.9997110673194437 -1.709344982806694
 -0.9633283134439348 0.9933709528665515 -1.653574857198636
 -0.9238883095124316 0.9715486889115749 -1.569030878976938
 -0.8898639070431195 0.9407358560282263 -1.463796272101328
 -0.8612460031130501 0.9064868010103923 -1.343725468348448
 -0.8381613038925958 0.8735092572227636 -1.212422585797641
 -0.8211771758083313 0.8463037455024746 -1.072233261863788
 -0.8113546483010219 0.8294651653634445 -0.9254415961210652
 -0.8099175634402659 0.8269349770111274 -0.7755094853165692
 -0.817379538920062 0.8398882123642819 -0.6273524957768677
 -0.8327869908147211 0.8651659357380949 -0.485376789281087
 -0.8540852082444251 0.8967595264296166 -0.3511269909785428
 -0.8790294354422599 0.9286497101292799 -0.2232247133529569
 -0.905542229361614 0.9562925148452666 -0.09847545911675624
 -0.9313991366811905 0.9768661836694065 0.02762522379977356
 -0.9532822025528551 0.9892488545787951 0.1609433472632427
 -0.9649111522932043 0.9939302873325595 0.3064263481244497
 -0.9576659317568719 0.9911690075215152 0.4546893448546327
 -0.932034742464361 0.9772912576172867 0.5812439072120524
 -0.8962830991491879 0.9473833719155396 0.6806667129844896
 -0.8556003222913231 0.8988556894233856 0.7591840163410882
 -0.8122928678267354 0.8311079128960884 0.8223445887189298
 -0.7674746806686389 0.8740671493316458 0.7448409844993982
 -0.7217676667075252 0.9174390272124555 0.6416930215339085
 -0.6755658915767153 0.9552848554574128 0.5240135626030091
 -0.6291513886339953 0.9904679664338158 0.3946997563815197
 -0.5827635780976124 1.025996814585703 0.2570896832379882
 -0.5366544072642526 1.064941204910977 0.1148988916006972
 -0.4911242789538786 1.11011153765161 -0.02788028683034779
 -0.4465054258832961 1.163508379152431 -0.1672681844116789
 -0.4030649579737422 1.225759764494203 -0.2998452307591307
 -0.3608649065467017 1.295929174842241 -0.4233191411702915
 -0.319681536255441 1.37182683006932 -0.5366712627057724
 -0.2790295641841106 1.450501229161837 -0.6397700983267973
 -0.2382447305972692 1.528494016969809 -0.7327323515816788
 -0.1965679395136202 1.601685664004059 -0.8153074266555297
 -0.1532460162656601 1.66474804739945 -0.8863306347804438
 -0.1077642266441667 1.710396358745519 -0.9432367979036616
 -0.06040143381253707 1.729373341712163 -0.9820501552831247
 -0.01292311749347076 1.713497817512605 -0.9991759668545563
 0.03186457288383518 1.661515201112333 -0.994993626507601
 0.0719051767604396 1.579805053571119 -0.9745936389058338
 0.1065463585584853 1.476575494126343 -0.9445006009125669
 0.1357780727413666 1.357973297980983 -0.9103946542084147
 0.1595098385072204 1.227813916565638 -0.8770474873566637
 0.1772316509352391 1.088528709796023 -0.8489560342920155
 0.1879315513886878 0.9423436113188013 -0.8307156292174056
 0.1903691744704741 0.7925391492751319 -0.8264281162135342
 0.1838983935598537 0.6439229914724226 -0.8377024097492021
 0.1693014375161007 0.5011047372218153 -0.8618570949913306
 0.1485564925346777 0.3660026700313704 -0.893056162349559
 0.1239191956920428 0.2375145941066467 -0.9251735855526897
 0.09748085224493906 0.1126094905415658 -0.9534723094430451
 0.07141559502784212 -0.01306713455594754 -0.9749369827858613
 0.04884119698489837 -0.1452428067236623 -0.9882512919980589
 0.03559840166282974 -0.289357849072175 -0.9937529058804584
 0.04044598395010466 -0.438582778928133 -0.9919381231901919
 0.06440603973028637 -0.5683286875232871 -0.979599502916377
 0.09934733653498216 -0.6705553016423428 -0.9516881259532108
 0.1396205758792768 -0.7511294148343516 -0.9053339367574097
 0.1826996618265416 -0.8158129758111902 -0.8397531388760864
 0.2273836176545032 -0.7555213930874545 -0.8686693540134268
 0.2730125066472368 -0.6541832523977505 -0.9128456827065543
 0.3191737053948202 -0.538016762028981 -0.9511770874416696
 0.3655763803003488 -0.4098633594528919 -0.9865138487124157
 0.411979234969356 -0.2730146930692008 -1.021848274932789
 0.4581341214776016 -0.1311466549504815 -1.060254493917529
 0.5037466614210399 0.01177021220881148 -1.104596671960826
 0.5484848611357463 0.1517313643671347 -1.156998662811018
 0.5920671502233339 0.2852214645872808 -1.218263876827183
 0.6344022537384706 0.409802132357265 -1.287625723118181
 0.6756808582040399 0.5243211475683113 -1.363011030806678
 0.7163622942886551 0.6285769855858924 -1.441534971793103
 0.7570949147377628 0.7226907708777851 -1.519796598972584
 0.7986312098397634 0.8064819391444712 -1.593772309149698
 0.8417325477215971 0.8789158520730899 -1.658308488900063
 0.8869614081857877 0.9376043506370298 -1.706373108748098
 0.9341682816300012 0.9786896014320092 -1.72886002573002
 0.9817696901516596 0.9983603953710446 -1.717176087976728
 1.026994287751696 0.9964062058554914 -1.669071550523918
 1.067628207167621 0.9775150857712438 -1.590305243386327
 1.102886836253063 0.9482148854819064 -1.489159935767849
 1.132731602870949 0.9143127165665796 -1.372074355763843
 1.15710402529822 0.8806533343606309 -1.243088451544861
 1.17555025955864 0.8517356520319268 -1.104734639848322
 1.187110646224734 0.8321485585990428 -0.9591975821642206
 1.190539392693782 0.8261269076649903 -0.8095847708817234
 1.185070254738823 0.8356861652129453 -0.6605720227409508
 1.171310476630635 0.858639023097691 -0.5169356233272592
 1.151148287825475 0.8893629808875367 -0.3809653544777371
 1.126844560486255 0.9216464368309097 -0.2518517867116033
 1.100507845490754 0.9505622868702827 -0.1267349604289709
 1.074272533428645 0.9729008974398099 -0.001408051212079004
 1.051079594211138 0.987152090592038 0.1297064585217178
 1.036350133685434 0.9934865699605664 0.2723904233432675
 1.038816889132077 0.9925736923528643 0.4221901368587719
 1.060982882323261 0.9817039697905029 0.5550464099376066
 1.095043162043274 0.9557531348614403 0.6601663129555859
 1.13487625091874 0.9115631918658561 0.742871678372763
 1.177712210268132 0.8481572343291804 0.8091296546425962
 1.222253696701361 0.8631598146312434 0.7659808805401918
 1.267799260711074 0.9081768270693812 0.6664821560900134
 1.313916205434949 0.947030424353432 0.5518654213162058
 1.360304001981997 0.9825594622793314 0.4249149420829419
 1.406718749590329 1.017739384992095 0.2888751532717064
 1.452915556399238 1.055644918328016 0.1473813074126098
 1.498606133370955 1.09918696730092 0.004378947167257161
 1.543459750336822 1.150604590847637 -0.1361090379483827
 1.587182585414802 1.210873335455843 -0.2704805668997962
 1.629655230148954 1.279400253485435 -0.39615361357713
 1.671035089431041 1.354235663668546 -0.5118377056057615
 1.711754437596429 1.432565420024987 -0.6172528415433364
 1.752444626681967 1.511044591077054 -0.7125164694489574
 1.793850422934285 1.585738865965626 -0.7975110287182384
 1.836739109287953 1.651659133101129 -0.8713255109892588
 1.881714065939763 1.702020321258792 -0.9317453087087979
 1.928744573705181 1.72789888626366 -0.9750488085348581
 1.97643094364402 1.72037502762847 -0.9972599675286828


