# Created by Octave 3.6.1, Fri Nov 30 18:06:27 2012 CST <kaushik@d-16>
# name: data1
# type: matrix
# rows: 51
# columns: 5
 0 15 15 15 -15
 1 19.9996736085697 19.99969481921906 15 -15
 2 22.922109099338 22.00992970795351 15 -15
 3 21.4875313101988 25.3093891371786 15 -15
 4 25.02926705967434 27.88478351016175 15 -15
 5 27.10113128620701 30.41387286124669 15 -15
 6 32.89013077956451 32.48969861563602 15 -15
 7 31.99867828446255 32.85265496752351 15 -15
 8 29.56703642406591 33.02965902074296 15 -15
 9 32.1851561475584 33.16773801832161 15 -15
 10 29.31861606158064 33.29160587334199 15 -15
 11 29.7127835459518 33.40625714381315 15 -15
 12 32.03123764631186 33.51305735655405 15 -15
 13 28.98856836769765 33.61267130840825 15 -15
 14 33.51406134694393 33.70560634642704 15 -15
 15 36.92633626194259 33.79231503422099 15 -15
 16 33.23717827543751 33.87321693679248 15 -15
 17 32.10443188556106 33.94870941569502 15 -15
 18 31.22097579763488 34.01919590003272 15 -15
 19 37.23327323905686 34.08520234860513 15 -15
 20 39.02133065868824 34.14783696654956 15 -15
 21 34.05818297203948 34.21037399028183 15 -15
 22 36.76218592886992 34.28262029876833 15 -15
 23 30.04565604387795 34.38853185593973 15 -15
 24 32.80475236671148 34.56331119159531 15 -15
 25 28.04718294671297 34.78949261852041 15 -15
 26 32.47920405843499 34.89402277456271 15 -15
 27 36.93998368257174 34.96375233019837 15 -15
 28 37.76678355661802 34.98992658774462 15 -15
 29 34.51286094100455 34.99750314510915 15 -15
 30 33.66794858695032 34.99942315529297 15 -15
 31 32.01499950760309 34.99987284904217 15 -15
 32 34.4336700578769 34.99997288782896 15 -15
 33 37.01502787572267 34.99999435819132 15 -15
 34 41.0694875348303 34.99999884743104 15 -15
 35 43.57440184686723 34.9999997678706 15 -15
 36 36.12011984423794 34.99999995509125 15 -15
 37 35.3080603750278 34.99999999138711 15 -15
 38 30.22986506798808 34.99999999840211 15 -15
 39 28.57830230714604 34.99999999971195 15 -15
 40 35.8232248286706 34.99999999994933 15 -15
 41 30.50322726122358 34.99999999999129 15 -15
 42 32.75472108640452 34.99999999999858 15 -15
 43 32.30562039754336 34.99999999999979 15 -15
 44 29.71030233856138 34.99999999999995 15 -15
 45 32.71808826409691 34.99999999999996 15 -15
 46 37.42818757555592 34.99999999999998 15 -15
 47 38.01809329777247 35 15 -15
 48 35.35068707609032 34.99999999999999 15 -15
 49 32.19007872796161 35 15 -15
 50 28.20203112471365 35 15 -15


# name: data2
# type: matrix
# rows: 50
# columns: 4
 0 19825.59823684767 19825.59823684767 20000
 1 15178.49897313397 11306.89142569248 20000
 2 117767.8370584217 3321.316062387545 20000
 3 39800.89195923507 2123.444299594499 20000
 4 54564.75274095871 1425.207066556439 20000
 5 19654.45381704113 1049.337663804821 20000
 6 8313.6275563339 849.8805615007295 20000
 7 86558.99452342419 695.2251907411846 20000
 8 24803.065595472 567.9092950781924 20000
 9 75616.17782500025 462.1836025941011 20000
 10 66964.02216916892 374.3808311904868 20000
 11 32881.89642757719 301.592332446904 20000
 12 110833.1855281718 241.3921255578171 20000
 13 16218.60136797623 191.736578049502 20000
 14 102533.6461446304 150.9017645532876 20000
 15 57174.92708159512 117.4340767124741 20000
 16 36584.36961025107 90.1088936922024 20000
 17 37680.01909184478 67.89558359874354 20000
 18 128158.6446114235 49.92787495950324 20000
 19 109889.5525815632 35.47887032946164 20000
 20 107708.9488316215 23.93987449954875 20000
 21 38838.85578382781 14.81416045916558 20000
 22 113945.9252950278 7.827729871291012 20000
 23 14139.23762384793 3.122901720462323 20000
 24 213159.0192862535 0.761602528070398 20000
 25 43997.43176020603 0.1723232396903995 20000
 26 96909.07732146417 0.02266724833583567 20000
 27 34159.90257342024 0.002039209633695194 20000
 28 55142.7698418508 0.0001420148207464944 20000
 29 8394.227222975582 8.322427350215822e-06 20000
 30 38314.43283743174 4.332264064840427e-07 20000
 31 8543.864431829461 2.073884608234109e-08 20000
 32 36535.25998319616 9.339407007140881e-10 20000
 33 187836.9956465797 4.017839612856609e-11 20000
 34 328473.954993749 1.669054121070228e-12 20000
 35 148373.7184479085 6.572917469365912e-14 20000
 36 8598.019439961292 2.427289390325067e-15 20000
 37 105133.6579278163 8.458132649396612e-17 20000
 38 193393.480871013 2.790575115694426e-18 20000
 39 135531.2034018773 8.766863031756656e-20 20000
 40 124465.5377399669 2.633311608708416e-21 20000
 41 28974.5088542652 7.434201789454771e-23 20000
 42 42357.36682117289 1.880310845999082e-24 20000
 43 141113.4587290042 7.580888719583159e-26 20000
 44 30013.91122263218 2.527244570712087e-26 20000
 45 113042.4630586708 8.24163700184499e-27 20000
 46 40054.21900888269 9.222411935465166e-28 20000
 47 47112.28982711305 4.635663208613496e-28 20000
 48 50223.23194159654 2.144669475503739e-28 20000
 49 217018.0309962061 7.808571222071419e-29 20000


