# Created by Octave 3.6.1, Fri Nov 30 18:06:27 2012 CST <kaushik@d-16>
# name: data3
# type: matrix
# rows: 51
# columns: 5
 0 15 15 38.5 31.5
 1 19.9996736085697 19.99969481921906 38.5 31.5
 2 22.922109099338 22.00992970795351 38.5 31.5
 3 21.4875313101988 25.3093891371786 38.5 31.5
 4 25.02926705967434 27.88478351016175 38.5 31.5
 5 27.10113128620701 30.41387286124669 38.5 31.5
 6 32.89013077956451 32.48969861563602 38.5 31.5
 7 31.99867828446255 32.85265496752351 38.5 31.5
 8 29.56703642406591 33.02965902074296 38.5 31.5
 9 32.1851561475584 33.16773801832161 38.5 31.5
 10 29.31861606158064 33.29160587334199 38.5 31.5
 11 29.7127835459518 33.40625714381315 38.5 31.5
 12 32.03123764631186 33.51305735655405 38.5 31.5
 13 28.98856836769765 33.61267130840825 38.5 31.5
 14 32.76589699255233 32.76595661309305 38.5 31.5
 15 37.34355278943507 33.25202975822474 38.5 31.5
 16 32.92132144681418 33.92892023281604 38.5 31.5
 17 32.15176999913042 34.08113000482653 38.5 31.5
 18 31.33087111815815 34.14485359657964 38.5 31.5
 19 37.34163219143682 34.19637912783879 38.5 31.5
 20 39.12042214580484 34.24742871665081 38.5 31.5
 21 34.14878093846228 34.30106064841388 38.5 31.5
 22 36.84564020198864 34.36609029171031 38.5 31.5
 23 30.12295702324036 34.46583562134785 38.5 31.5
 24 33.56234566084385 33.56236194201718 38.5 31.5
 25 29.07680547235202 33.71775981009768 38.5 31.5
 26 32.52199932577765 34.30844221621593 38.5 31.5
 27 36.5317078269964 34.43501584110302 38.5 31.5
 28 37.28495265594875 34.48642345462466 38.5 31.5
 29 34.03853070681124 34.51932048401528 38.5 31.5
 30 33.21776151636766 34.5485529153939 38.5 31.5
 31 31.59201617775404 34.5767684273513 38.5 31.5
 32 34.03770145621939 34.6039828246823 38.5 31.5
 33 36.64496173417778 34.62992441303196 38.5 31.5
 34 40.72395204430755 34.65446268279722 38.5 31.5
 35 43.25208143916505 34.67767924069643 38.5 31.5
 36 35.8200832009619 34.69996329064133 38.5 31.5
 37 35.23442985579304 35.2344046932381 38.5 31.5
 38 31.33482716979896 34.50996676705971 38.5 31.5
 39 28.78055209591002 34.65989175320219 38.5 31.5
 40 35.62916988937832 34.7005969549049 38.5 31.5
 41 30.27455994124062 34.752334123157 38.5 31.5
 42 32.54574618796415 34.78764636021472 38.5 31.5
 43 32.11826892860402 34.81204930658041 38.5 31.5
 44 29.54053511681335 34.83012656365042 38.5 31.5
 45 32.56286726656426 34.84476017764764 38.5 31.5
 46 37.28672758585427 34.85853667397764 38.5 31.5
 47 37.89383727542792 34.87574338636234 38.5 31.5
 48 35.25427275765905 34.90358557677447 38.5 31.5
 49 32.13236650129361 34.94228775475944 38.5 31.5
 50 28.18628987358756 34.98425874558232 38.5 31.5


# name: data4
# type: matrix
# rows: 50
# columns: 4
 0 19825.59823684767 19825.59823684767 20000
 1 15178.49897313397 11306.89142569248 20000
 2 117767.8370584217 3321.316062387545 20000
 3 39800.89195923507 2123.444299594499 20000
 4 54564.75274095871 1425.207066556439 20000
 5 19654.45381704113 1049.337663804821 20000
 6 8313.6275563339 849.8805615007295 20000
 7 86558.99452342419 695.2251907411846 20000
 8 24803.065595472 567.9092950781924 20000
 9 75616.17782500025 462.1836025941011 20000
 10 66964.02216916892 374.3808311904868 20000
 11 32881.89642757719 301.592332446904 20000
 12 110833.1855281718 241.3921255578171 20000
 13 16218.60136797623 191.736578049502 20000
 14 118684.3751263765 728.3941110041051 20000
 15 52231.30610699093 229.5611994624269 20000
 16 36682.53014490583 93.58391238896729 20000
 17 37999.77019983288 55.5507792161734 20000
 18 128280.5745151797 40.0086059825735 20000
 19 109963.8264125625 28.38801963912192 20000
 20 107664.4034373403 19.21493396276855 20000
 21 38880.65222327887 11.95909658372511 20000
 22 113877.7304446007 6.405076171904511 20000
 23 14119.52991695383 2.724883323649919 20000
 24 160148.2763165685 4355.824867634321 20000
 25 29622.27930426576 358.490636821316 20000
 26 96434.23779938908 112.1360412559843 20000
 27 34316.5544487462 70.01662205388675 20000
 28 55367.29026911373 57.71122751348412 20000
 29 8563.507167683318 47.91767951639849 20000
 30 38602.63445410503 39.72200895709102 20000
 31 8596.497340863272 32.84529207248579 20000
 32 36400.92445945114 27.08094025504397 20000
 33 187478.012404983 22.25723034327621 20000
 34 328043.2132765261 18.2282790860063 20000
 35 148398.2573212034 14.87059642196073 20000
 36 8607.329251890018 12.08146328717612 20000
 37 74031.08189904552 722.0032104407146 20000
 38 175734.4609193323 156.4099309700596 20000
 39 134032.1312145181 29.42901761456596 20000
 40 124174.3477872664 5.486382385582601 20000
 41 28976.12693803191 3.272649110426755 20000
 42 42350.80456031296 2.272322829892573 20000
 43 141149.3557163118 1.608358018843319 20000
 44 30022.1666198851 1.115397160734574 20000
 45 113031.8563009261 0.7349585032445702 20000
 46 40050.47391182508 0.4409571130261156 20000
 47 47112.83950148722 0.226964809589731 20000
 48 50221.04453882343 0.1011500620840877 20000
 49 217009.1282776331 0.04954731092193043 20000


