X =

   3.7308e+01   3.7308e+01   3.7308e+01   3.7308e+01   3.7308e+01
  -1.2759e-01  -1.2759e-01  -1.2759e-01  -1.2759e-01  -1.2759e-01
   4.3347e+01   4.3347e+01   4.3347e+01   4.3347e+01   4.3347e+01
   5.7550e-02   5.7550e-02   5.7550e-02   5.7550e-02   5.7550e-02
   3.0967e+01   3.0967e+01   3.0967e+01   3.0967e+01   3.0967e+01
   3.6849e-02   3.6849e-02   3.6849e-02   3.6849e-02   3.6849e-02
   3.3572e+01   3.3572e+01   3.3572e+01   3.3572e+01   3.3572e+01
  -2.9347e-01  -2.9347e-01  -2.9347e-01  -2.9347e-01  -2.9347e-01
   2.5531e+01   2.5531e+01   2.5531e+01   2.5531e+01   2.5531e+01
   4.0456e-01   4.0456e-01   4.0456e-01   4.0456e-01   4.0456e-01
   3.1741e+01   3.1741e+01   3.1741e+01   3.1741e+01   3.1741e+01
  -1.4634e-01  -1.4634e-01  -1.4634e-01  -1.4634e-01  -1.4634e-01
   3.4677e+01   3.4677e+01   3.4677e+01   3.4677e+01   3.4677e+01
  -5.5125e-02  -5.5125e-02  -5.5125e-02  -5.5125e-02  -5.5125e-02
   4.2748e+01   4.2748e+01   4.2748e+01   4.2748e+01   4.2748e+01
   6.5382e-03   6.5382e-03   6.5382e-03   6.5382e-03   6.5382e-03
   2.9461e+01   2.9461e+01   2.9461e+01   2.9461e+01   2.9461e+01
   3.6342e-02   3.6342e-02   3.6342e-02   3.6342e-02   3.6342e-02
   2.9432e+01   2.9432e+01   2.9432e+01   2.9432e+01   2.9432e+01
   5.0661e-02   5.0661e-02   5.0661e-02   5.0661e-02   5.0661e-02
   2.6249e+01   2.6249e+01   2.6249e+01   2.6249e+01   2.6249e+01
   3.8621e-01   3.8621e-01   3.8621e-01   3.8621e-01   3.8621e-01
   3.0165e+01   3.0165e+01   3.0165e+01   3.0165e+01   3.0165e+01
  -1.5200e-02  -1.5200e-02  -1.5200e-02  -1.5200e-02  -1.5200e-02
   3.2767e+01   3.2767e+01   3.2767e+01   3.2767e+01   3.2767e+01
  -4.1935e-02  -4.1935e-02  -4.1935e-02  -4.1935e-02  -4.1935e-02
   4.0715e+01   4.0715e+01   4.0715e+01   4.0715e+01   4.0715e+01
   3.0637e-02   3.0637e-02   3.0637e-02   3.0637e-02   3.0637e-02
   2.7951e+01   2.7951e+01   2.7951e+01   2.7951e+01   2.7951e+01
   5.8850e-02   5.8850e-02   5.8850e-02   5.8850e-02   5.8850e-02
   2.6851e+01   2.6851e+01   2.6851e+01   2.6851e+01   2.6851e+01
   3.3379e-01   3.3379e-01   3.3379e-01   3.3379e-01   3.3379e-01
   2.5515e+01   2.5515e+01   2.5515e+01   2.5515e+01   2.5515e+01
   4.7946e-01   4.7946e-01   4.7946e-01   4.7946e-01   4.7946e-01
   2.8943e+01   2.8943e+01   2.8943e+01   2.8943e+01   2.8943e+01
   1.2913e-01   1.2913e-01   1.2913e-01   1.2913e-01   1.2913e-01
   2.9653e+01   2.9653e+01   2.9653e+01   2.9653e+01   2.9653e+01
   1.6213e-01   1.6213e-01   1.6213e-01   1.6213e-01   1.6213e-01
   3.6725e+01   3.6725e+01   3.6725e+01   3.6725e+01   3.6725e+01
   3.4352e-01   3.4352e-01   3.4352e-01   3.4352e-01   3.4352e-01
   2.6640e+01   2.6640e+01   2.6640e+01   2.6640e+01   2.6640e+01
   2.6631e-01   2.6631e-01   2.6631e-01   2.6631e-01   2.6631e-01
   2.5287e+01   2.5287e+01   2.5287e+01   2.5287e+01   2.5287e+01
   8.0559e-01   8.0559e-01   8.0559e-01   8.0559e-01   8.0559e-01
   2.4585e+01   2.4585e+01   2.4585e+01   2.4585e+01   2.4585e+01
   8.8265e-01   8.8265e-01   8.8265e-01   8.8265e-01   8.8265e-01
   2.8359e+01   2.8359e+01   2.8359e+01   2.8359e+01   2.8359e+01
   5.0778e-01   5.0778e-01   5.0778e-01   5.0778e-01   5.0778e-01
   2.5376e+01   2.5376e+01   2.5376e+01   2.5376e+01   2.5376e+01
   7.7925e+00   7.7925e+00   7.7925e+00   7.7925e+00   7.7925e+00
   2.8632e+01   2.8632e+01   2.8632e+01   2.8632e+01   2.8632e+01
   7.9739e+00   7.9739e+00   7.9739e+00   7.9739e+00   7.9739e+00
   2.6640e+01   2.6640e+01   2.6640e+01   2.6640e+01   2.6640e+01
   4.0815e+00   4.0815e+00   4.0815e+00   4.0815e+00   4.0815e+00
   2.7195e+01   2.7195e+01   2.7195e+01   2.7195e+01   2.7195e+01
   4.6208e+00   4.6208e+00   4.6208e+00   4.6208e+00   4.6208e+00
   2.6493e+01   2.6493e+01   2.6493e+01   2.6493e+01   2.6493e+01
   4.6978e+00   4.6978e+00   4.6978e+00   4.6978e+00   4.6978e+00
   3.0266e+01   3.0266e+01   3.0266e+01   3.0266e+01   3.0266e+01
   4.3230e+00   4.3230e+00   4.3230e+00   4.3230e+00   4.3230e+00
   3.7308e+01   3.7308e+01   3.7308e+01   3.7308e+01   3.7308e+01
  -1.2759e-01  -1.2759e-01  -1.2759e-01  -1.2759e-01  -1.2759e-01
   4.3347e+01   4.3347e+01   4.3347e+01   4.3347e+01   4.3347e+01
   5.7550e-02   5.7550e-02   5.7550e-02   5.7550e-02   5.7550e-02
   3.0967e+01   3.0967e+01   3.0967e+01   3.0967e+01   3.0967e+01
   3.6849e-02   3.6849e-02   3.6849e-02   3.6849e-02   3.6849e-02
   3.3572e+01   3.3572e+01   3.3572e+01   3.3572e+01   3.3572e+01
  -2.9347e-01  -2.9347e-01  -2.9347e-01  -2.9347e-01  -2.9347e-01
   2.5531e+01   2.5531e+01   2.5531e+01   2.5531e+01   2.5531e+01
   4.0456e-01   4.0456e-01   4.0456e-01   4.0456e-01   4.0456e-01
   3.1741e+01   3.1741e+01   3.1741e+01   3.1741e+01   3.1741e+01
  -1.4634e-01  -1.4634e-01  -1.4634e-01  -1.4634e-01  -1.4634e-01
   3.4677e+01   3.4677e+01   3.4677e+01   3.4677e+01   3.4677e+01
  -5.5125e-02  -5.5125e-02  -5.5125e-02  -5.5125e-02  -5.5125e-02
   4.2748e+01   4.2748e+01   4.2748e+01   4.2748e+01   4.2748e+01
   6.5382e-03   6.5382e-03   6.5382e-03   6.5382e-03   6.5382e-03
   2.9461e+01   2.9461e+01   2.9461e+01   2.9461e+01   2.9461e+01
   3.6342e-02   3.6342e-02   3.6342e-02   3.6342e-02   3.6342e-02
   2.9432e+01   2.9432e+01   2.9432e+01   2.9432e+01   2.9432e+01
   5.0661e-02   5.0661e-02   5.0661e-02   5.0661e-02   5.0661e-02
   2.6249e+01   2.6249e+01   2.6249e+01   2.6249e+01   2.6249e+01
   3.8621e-01   3.8621e-01   3.8621e-01   3.8621e-01   3.8621e-01
   3.0165e+01   3.0165e+01   3.0165e+01   3.0165e+01   3.0165e+01
  -1.5200e-02  -1.5200e-02  -1.5200e-02  -1.5200e-02  -1.5200e-02
   3.2767e+01   3.2767e+01   3.2767e+01   3.2767e+01   3.2767e+01
  -4.1935e-02  -4.1935e-02  -4.1935e-02  -4.1935e-02  -4.1935e-02
   4.0715e+01   4.0715e+01   4.0715e+01   4.0715e+01   4.0715e+01
   3.0637e-02   3.0637e-02   3.0637e-02   3.0637e-02   3.0637e-02
   2.7951e+01   2.7951e+01   2.7951e+01   2.7951e+01   2.7951e+01
   5.8850e-02   5.8850e-02   5.8850e-02   5.8850e-02   5.8850e-02
   2.6851e+01   2.6851e+01   2.6851e+01   2.6851e+01   2.6851e+01
   3.3379e-01   3.3379e-01   3.3379e-01   3.3379e-01   3.3379e-01
   2.5515e+01   2.5515e+01   2.5515e+01   2.5515e+01   2.5515e+01
   4.7946e-01   4.7946e-01   4.7946e-01   4.7946e-01   4.7946e-01
   2.8943e+01   2.8943e+01   2.8943e+01   2.8943e+01   2.8943e+01
   1.2913e-01   1.2913e-01   1.2913e-01   1.2913e-01   1.2913e-01
   2.9653e+01   2.9653e+01   2.9653e+01   2.9653e+01   2.9653e+01
   1.6213e-01   1.6213e-01   1.6213e-01   1.6213e-01   1.6213e-01
   3.6725e+01   3.6725e+01   3.6725e+01   3.6725e+01   3.6725e+01
   3.4352e-01   3.4352e-01   3.4352e-01   3.4352e-01   3.4352e-01
   2.6640e+01   2.6640e+01   2.6640e+01   2.6640e+01   2.6640e+01
   2.6631e-01   2.6631e-01   2.6631e-01   2.6631e-01   2.6631e-01
   2.5287e+01   2.5287e+01   2.5287e+01   2.5287e+01   2.5287e+01
   8.0559e-01   8.0559e-01   8.0559e-01   8.0559e-01   8.0559e-01
   2.4585e+01   2.4585e+01   2.4585e+01   2.4585e+01   2.4585e+01
   8.8265e-01   8.8265e-01   8.8265e-01   8.8265e-01   8.8265e-01
   2.8359e+01   2.8359e+01   2.8359e+01   2.8359e+01   2.8359e+01
   5.0778e-01   5.0778e-01   5.0778e-01   5.0778e-01   5.0778e-01
   2.5376e+01   2.5376e+01   2.5376e+01   2.5376e+01   2.5376e+01
   7.7925e+00   7.7925e+00   7.7925e+00   7.7925e+00   7.7925e+00
   2.8632e+01   2.8632e+01   2.8632e+01   2.8632e+01   2.8632e+01
   7.9739e+00   7.9739e+00   7.9739e+00   7.9739e+00   7.9739e+00
   2.6640e+01   2.6640e+01   2.6640e+01   2.6640e+01   2.6640e+01
   4.0815e+00   4.0815e+00   4.0815e+00   4.0815e+00   4.0815e+00
   2.7195e+01   2.7195e+01   2.7195e+01   2.7195e+01   2.7195e+01
   4.6208e+00   4.6208e+00   4.6208e+00   4.6208e+00   4.6208e+00
   2.6493e+01   2.6493e+01   2.6493e+01   2.6493e+01   2.6493e+01
   4.6978e+00   4.6978e+00   4.6978e+00   4.6978e+00   4.6978e+00
   3.0266e+01   3.0266e+01   3.0266e+01   3.0266e+01   3.0266e+01
   4.3230e+00   4.3230e+00   4.3230e+00   4.3230e+00   4.3230e+00
   3.7308e+01   3.7308e+01   3.7308e+01   3.7308e+01   3.7308e+01
