# Created by Octave 3.6.1, Sun Nov 18 19:46:34 2012 CST <kaushik@d-16>
# name: data3
# type: matrix
# rows: 51
# columns: 5
 0 12 12 23.5 16.5
 1 14.31195427543933 14.32420415473851 23.5 16.5
 2 16.20376812156614 16.2308360448751 23.5 16.5
 3 18.07506270641427 17.83836818099421 23.5 16.5
 4 19.47110718354425 19.03205014402093 23.5 16.5
 5 19.8790648807692 19.65796989851178 23.5 16.5
 6 20.0291897662063 19.96965701099746 23.5 16.5
 7 19.86673629137458 20.11254622417324 23.5 16.5
 8 19.8030836849038 20.16749416267575 23.5 16.5
 9 19.5406939093293 20.17865039346048 23.5 16.5
 10 19.57052405739599 20.16953394475975 23.5 16.5
 11 19.49075681123447 20.15240149968317 23.5 16.5
 12 19.221469409777 20.13328762635166 23.5 16.5
 13 19.16863589110278 20.11495146908316 23.5 16.5
 14 19.26171876834928 19.29251052929739 23.5 16.5
 15 19.33272628946305 19.44578538436955 23.5 16.5
 16 19.02096054193006 19.5851495576579 23.5 16.5
 17 19.06362727150021 19.69797823537538 23.5 16.5
 18 18.93561703547519 19.78420544516225 23.5 16.5
 19 18.7005279247484 19.84804833304223 23.5 16.5
 20 18.97609269878745 19.89448024048271 23.5 16.5
 21 19.46375314627157 19.92791043523841 23.5 16.5
 22 19.97916582727732 19.95183645077088 23.5 16.5
 23 20.19609363593997 19.96888345298933 23.5 16.5
 24 20.16977850924166 20.22507374338315 23.5 16.5
 25 19.82111664598491 20.2273124717636 23.5 16.5
 26 20.0490256365307 20.20765334810451 23.5 16.5
 27 20.34708253807383 20.17782016787399 23.5 16.5
 28 20.67084661216282 20.14627075593011 23.5 16.5
 29 20.71016928455178 20.1173954865434 23.5 16.5
 30 20.6758807134808 20.09284543501795 23.5 16.5
 31 20.2197765281601 20.07283476880699 23.5 16.5
 32 20.01518999275384 20.056930321454 23.5 16.5
 33 20.05994352654244 20.04448275235481 23.5 16.5
 34 19.91406282860552 19.99916403629265 23.5 16.5
 35 19.63508419581338 19.95619079323441 23.5 16.5
 36 19.23436718681523 19.93754611201203 23.5 16.5
 37 19.2688909989116 19.93528935233057 23.5 16.5
 38 19.24675311796958 19.94140197006767 23.5 16.5
 39 19.02835463102362 19.95066734990438 23.5 16.5
 40 19.0035996469926 19.96027918214209 23.5 16.5
 41 19.46979195790662 19.96894826123028 23.5 16.5
 42 19.88688698947643 19.97622323030767 23.5 16.5
 43 19.86202790320518 19.98207019555703 23.5 16.5
 44 20.03147015662784 19.98950525120474 23.5 16.5
 45 20.05413494713481 20.08483895667797 23.5 16.5
 46 20.3278019966551 20.12918180664676 23.5 16.5
 47 20.38536874580959 20.13782520452614 23.5 16.5
 48 20.58919830409033 20.12753250623962 23.5 16.5
 49 20.74123498870365 20.10954512868684 23.5 16.5
 50 20.50531409623269 20.09008348609148 23.5 16.5


# name: data4
# type: matrix
# rows: 50
# columns: 4
 0 59.22627654911594 59.22627654911594 100
 1 33.59327896250761 23.23044222157478 100
 2 103.2105956203559 10.71446890443622 100
 3 166.4849645788336 5.164111075134088 100
 4 30.93584284839034 2.583991027398611 100
 5 3.488364536626733 1.508681014527525 100
 6 217.992931357254 1.007820955874166 100
 7 75.6401018134179 0.7379230567125887 100
 8 495.5490634321031 0.5691313857956217 100
 9 142.6599579895544 0.4504768484141106 100
 10 276.3068952638957 0.3607739340525464 100
 

